83068
27708
68448
92539
217
526
41636
5
31260
43018
85704
agricola-legend-dairy-forest
73833
90419
16494
92302
101737
17329
67877
74
41541
15987
31449
72991
69789
39683
39351
986
163
27225
3955
9653
30933
66508
42444
760
2425
battleshiplive
37111
belfort
34219
10550
55165
23890
2453
16395
1293
11
398
bushido
cant-stop
822
carcassonne-big-box
89952
31784
12903
16216
4390
2993
7707
92332
15158
7717
89953
41010
21385
5405
50381
cards-against-humanity-1st-expansion
826
19237
30324
2582
18602
27364
43111
3570
478
22141
36560
1294
clue-classic-edition
5782
2961
2719
connect-4x4
98351
891
6420
4424
82610
88402
95234
54998
59946
8924
40793
2956
91312
39856
55660
92828
36218
dominion-alchemy
dominion-big-box
90850
104557
40834
66690
51811
9408
66171
43315
97207
66424
943
2346
eaten-by-zombies
58421
100423
403
1159
35497
finca
40393
258
36345
102104
29387
172
65244
340
31481
2921
7472
39953
28739
83195
gift-cards
gift-cards
23686
66362
12692
37654
18207
25621
188
gobblet
16226
39872
2379
116
31512
2944
34707
79067
8203
hey-thats-my-fish-deluxe
220
2655
hive-carbon
70704
30323
71272
20311
22348
identik-blue-expansion
identik-red-expansion
221
115
2750
37759
9674
22484
innovation
innovation-echoes-of-the-past
265
54043
28023
12002
2452
8098
394
11971
32341
91034
257
3699
33876
20966
70323
107529
58
kingsburg
39775
97582
96913
29368
54735
38334
64204
6608
18547
50
42487
13642
22863
8127
96848
24565
5135
29223
2392
39684
25568
31056
590
1406
40398
24764
80006
2679
38984
mow-small-box
21763
55427
72287
1927
31920
6607
65907
13308
12942
76691
92319
3737
ora-et-labora
37120
30549
40849
69552
75358
37000
pastiche
97803
45
pick-choose
26235
4975
2281
22889
140
pit-deluxe
2651
555
39635
90919
3076
108687
67928
1419
91536
106895
681
91984
19370
624
25669
12
28143
66121
3449
40210
27940
42452
66771
46586
24310
36946
79073
41114
37198
105134
103469
66056
37728
37380
1260
94362
9220
91072
66214
33604
92852
2381
320
67631
1198
settlers-of-america
13
2807
settlerscarddeck
926
4101
325
4103
27760
34691
15062
35704
73
8929
92415
594
40692
97786
81618
57072
57070
71818
27389
55601
67185
2407
63268
680
star-trek-dbg-next-phase
98242
79131
27833
34635
1917
2265
31612
93260
65556
2653
96323
1111
46213
68340
25613
503
53953
9209
89848
106637
53383
14996
ticket-to-ride-india
21348
31627
24439
42
54
67180
37141
36553
42215
382
56835
2842
16267
81850
72478
73439
58707
12333
31999
16986
2223
29073
7601
41002
villa-paletti
99120
11412
war-of-the-ring
33154
67178
25821
44614
9203
9910
20100
66588
1465
40990
63778
wordonthestreet
2243
7854
528
89575
79312
2471
27588
