5
11
12
13
42
45
50
54
58
73
74
115
116
140
140
163
172
188
217
220
221
257
258
265
320
325
340
382
394
398
403
478
503
526
528
555
590
594
624
680
681
760
822
822
826
891
926
943
986
1111
1159
1198
1260
1293
1294
1294
1406
1419
1465
1917
1927
2223
2243
2265
2281
2346
2379
2381
2392
2407
2425
2452
2453
2471
2582
2651
2653
2655
2655
2679
2719
2750
2807
2842
2921
2944
2956
2961
2993
3076
3449
3570
3699
3737
3955
4101
4103
4390
4424
4975
5135
5405
5782
6420
6607
6608
7472
7601
7707
7717
7854
8098
8127
8203
8203
8924
8929
9203
9209
9220
9408
9653
9674
9910
10550
11412
11971
12002
12333
12692
12903
12942
13308
13642
14996
15062
15158
15987
16216
16226
16267
16395
16494
16986
17329
18207
18547
18602
19237
19370
20100
20311
20966
21348
21385
21763
22141
22348
22484
22863
22889
23686
23890
24310
24439
24565
24764
25568
25613
25621
25669
25821
26235
27225
27364
27389
27588
27708
27760
27833
27940
28023
28143
28739
29073
29223
29368
29387
30323
30324
30549
30933
31056
31260
31449
31481
31512
31612
31627
31784
31920
31999
32341
33154
33604
33876
34219
34635
34691
34707
35497
35704
36218
36218
36345
36553
36560
36946
37000
37111
37120
37141
37198
37380
37654
37728
37759
38334
38984
38984
39351
39635
39683
39684
39775
39856
39872
39953
40210
40393
40398
40692
40793
40834
40849
40990
41002
41010
41114
41541
41636
42215
42444
42452
42487
43018
43111
43315
44614
46213
46586
50381
51811
53383
53953
54043
54735
54998
55165
55427
55601
55660
56835
57070
57072
58421
58707
59946
63268
63778
64204
65244
65556
65907
66056
66121
66171
66214
66362
66424
66508
66588
66690
66771
67178
67180
67185
67631
67877
67928
68340
68448
69552
69789
70323
70704
71272
71818
72287
72478
72991
73439
73833
75358
76691
79067
79073
79131
79312
80006
81618
81850
82610
83068
83195
85704
88402
89575
89848
89952
89953
90419
90850
90919
91034
91072
91312
91536
91984
92302
92319
92332
92415
92539
92828
92852
93260
94362
95234
96323
96848
96913
97207
97582
97786
97803
98242
98351
99120
100423
101737
102104
103469
104557
105134
106637
106895
107529
108687
